1 1
100 200
578 1595 29 26

Coordinates
1     -0.85356     -0.06102     -0.84104
2     -0.51268    -0.052792     -0.50314
3     -0.45134       0.0524     -0.56297
4     -0.84359    -0.029069     -0.28195
5     -0.28575    -0.053613     -0.84839
6     -0.51827     0.042913      -0.3307
7      -0.1718    -0.044563     -0.16523
8     -0.04912      0.16582      -0.2849
9     -0.83362     0.002882      0.27714
10      0.28206    -0.046205     -0.85573
11     -0.18298      0.14685      0.17965
12    -0.070794      0.69234     -0.23649
13    -0.036237      0.71467     -0.28981
14      0.32091     -0.03979     -0.32141
15     -0.32333    -0.011081      0.32781
16      0.40037     0.063511     -0.57398
17     -0.50332     0.090839      0.50794
18     -0.19097      0.67523      0.18055
19      0.16908    -0.036335      0.17267
20      0.25087      0.10392     0.092896
21     -0.13329      0.69042      0.18872
22      0.18278      0.15197       0.1801
23      0.16946      0.70303      0.12261
24    -0.092469       1.2189     -0.18809
25      0.19119      0.69457      0.18912
26    -0.023354       1.2635     -0.29473
27     -0.82365     0.034833      0.83623
28      0.84986    -0.038798     -0.86307
29     -0.19895       1.2036      0.18145
30     -0.26549     0.016596      0.84032
31      0.85019    -0.032491     -0.29256
32      0.33393     0.063484      0.51406
33    -0.083602        1.234      0.19779
34      0.15614       1.2541     0.065116
35      0.50996    -0.028106      0.51058
36      0.55085     0.042021      0.47069
37      0.51681     0.066046      0.51429
38       0.1996       1.2372      0.19813
39      0.85051    -0.026185      0.27796
40      0.29267    -0.001641       0.8444
41     -0.11414       1.7454     -0.13969
42    -0.010471       1.8124     -0.29964
43     -0.20694        1.732      0.18235
44    -0.033911       1.7776      0.20687
45      0.14282       1.8051    0.0076226
46      0.20801       1.7798      0.20715
47      0.85084    -0.019878      0.84848
48     -0.13582       2.2719    -0.091288
49     -0.21492       2.2604      0.18325
50    0.0024118       2.3612     -0.30456
51       0.1295       2.3562    -0.049871
52      0.01578       2.3211      0.21594
53      0.21642       2.3224      0.21616
54     -0.15749       2.7984    -0.042886
55     -0.22291       2.7888      0.18415
56     0.015067       2.9004     -0.30939
57      0.11646       2.8958     -0.10617
58     0.064684       2.8561      0.22487
59      0.22471       2.8574      0.22505
60     -0.17828       3.3035    0.0035471
61     -0.23057       3.2959      0.18502
62     0.026826       3.4014     -0.31388
63      0.10433       3.3974      -0.1585
64      0.11012       3.3531      0.23317
65      0.23241       3.3545      0.23331
66     -0.19765       3.7741     0.046803
67     -0.23771       3.7683      0.18582
68     0.037682       3.8638     -0.31802
69     0.093134       3.8606     -0.20683
70      0.15205       3.8118      0.24082
71      0.23952        3.813      0.24093
72     0.065328       4.0746     -0.27447
73      0.20703       4.0227      0.24438
74     -0.21559       4.2099     0.086866
75     -0.24432       4.2058      0.18657
76      0.04764       4.2881     -0.32182
77     0.082857       4.2857     -0.25119
78       0.1905       4.2325      0.24784
79      0.24603       4.2334      0.24791
80     -0.23561        4.409      0.14611
81     0.065174       4.4807     -0.29749
82      0.22852       4.4246      0.25107
83     -0.23212       4.6114      0.12377
84     -0.25041       4.6088      0.18725
85     0.056722        4.675     -0.32529
86     0.073478       4.6738     -0.29167
87      0.22556        4.616      0.25424
88      0.25197       4.6165      0.25428
89     -0.24727       4.9793       0.1576
90     -0.25599       4.9781      0.18788
91     0.064962       5.0261     -0.32843
92     -0.25652        5.094     -0.30786
93      0.16116       4.9949    -0.034192
94      -0.5644        5.159     -0.28816
95      0.25735       4.9637      0.26005
96     -0.71743       4.6504       1.5107
97       -0.185        5.128     -0.20625
98     -0.76646       4.5916       1.6345
99      -1.2154       4.6466       1.5118
100     -0.72639       4.5182       1.7865
101      -1.2766        4.573       1.6666
102      -1.2446       4.5143       1.7882
103     -0.25628       4.6102       1.6024
104      -0.2195       4.6543       1.5096
105     -0.86002       5.2214     -0.26924
106     -0.20819        4.522       1.7849
107     -0.81019       4.8107       1.3198
108      -1.7409       4.6096       1.5826
109    -0.098062       5.1705    -0.069987
110      -1.7868       4.5545       1.6986
111      -1.7628       4.5104       1.7899
112      -0.4272       5.2268    -0.087858
113     -0.99587       4.7726       1.5076
114    -0.001867       5.1394      0.22425
115      -1.1428       5.2812     -0.25114
116      0.25391       4.6287       1.5703
117      0.27842       4.6581       1.5084
118     -0.67586        4.819       1.4586
119      -2.0319       4.5268       1.7527
120      -1.2598       4.9523       1.1463
121         0.31       4.5259       1.7832
122     -0.43908       4.9609       1.1439
123      -1.1112       4.9912       1.1363
124      -1.6367       4.8934       1.2494
125      -2.2664       4.5727       1.6534
126      0.15973       5.2636     -0.25428
127     -0.66075       5.3221     0.026301
128       -2.297       4.5359       1.7307
129       -2.281       4.5065       1.7916
130     -0.39577       4.9323       1.3365
131      -1.4285       5.3415     -0.23286
132      0.23108       4.8934       1.2288
133      0.25592       5.2325     0.039962
134      -1.3308       4.9671       1.2939
135      -1.6615       4.8891       1.3773
136      -2.0711       4.8396       1.3349
137      -1.0018       5.0447       1.2109
138     -0.26109        5.315      0.18846
139       -2.017       4.8053        1.467
140      0.76409       4.6473       1.5382
141     -0.11116       5.0938      0.98853
142      0.77634        4.662       1.5073
143      -2.5461       4.5156       1.7696
144      -1.2952       5.1952      0.85585
145    -0.051291       5.0062       1.2575
146     -0.67472       5.1218       1.1284
147       0.8282       4.5298       1.7815
148     -0.89213       5.4165       0.1394
149     -0.54789       5.3911       0.2349
150     0.074198       5.3382       0.1555
151       -1.722       5.4035     -0.21408
152      -2.4121       4.7122       1.5666
153      0.36855       4.9055       1.3694
154      -1.0311       5.2562      0.84757
155    -0.003297       5.4081     0.004167
156       -1.629       5.2236      0.84995
157      -2.7919       4.5358       1.7241
158      -1.3952       5.4549     0.025003
159     -0.34979       5.1984       1.0465
160     -0.91953       5.5152     -0.17785
161     -0.64253       5.5119     -0.17838
162      -2.7992       4.5027       1.7932
163      -2.8072       4.5174       1.7628
164      -1.9183       5.0871       1.1437
165      0.74554       4.7959       1.4908
166     0.052467       5.3831      0.22183
167      -1.2776       5.2488       0.9698
168      0.48788       5.0826       1.0059
169      -1.1879       5.5184     -0.17733
170      0.17452       5.2094      0.85314
171     -0.35414       5.5085     -0.17894
172     -0.47883       5.4574      0.23954
173     -0.82244        5.464      0.27937
174       -2.058       5.1403      0.98701
175      0.39932       5.3607      0.12354
176      -1.4636       5.5217     -0.17679
177      -1.6166       5.2447      0.96786
178    -0.054905       5.5049     -0.17952
179      -2.8469       4.6097       1.6763
180     -0.50814        5.388      0.68595
181      -1.3264       5.4097      0.59937
182      -1.1235       5.5109       0.2525
183       -2.023       5.4671     -0.19482
184      -0.3787       5.3391      0.88345
185       1.2743       4.6658       1.5061
186    -0.027117       5.2744      0.96511
187      -1.7464       5.5251     -0.17624
188      -0.1667       5.5403   -0.0048445
189     -0.72205       5.4023      0.80369
190      0.25449       5.5012     -0.18012
191      0.30457       5.2046       1.0429
192      -2.3314       5.1047       1.1152
193      -1.0887       5.5346      0.32248
194       1.3464       4.5336       1.7798
195       -2.655       4.9819       1.2018
196    -0.096599       5.4274      0.62817
197      0.71358       5.3824     0.092654
198     -0.95712       5.5012      0.58063
199      0.34937       5.4476      0.25344
200      -1.0566       5.4639      0.72597
201    -0.036702       5.5882      -0.1632
202      -2.0359       5.5286     -0.17568
203      0.82317       5.1499      0.92829
204      0.44763         5.32      0.72371
205      0.67478       5.1267       1.1297
206       -1.788       5.4334      0.60997
207     -0.68403       5.5916      0.28768
208      -2.7788       4.9429       1.2931
209      0.55734       5.5002      -0.1636
210       -1.839        5.569     0.097387
211      0.16586       5.4651      0.57776
212      -1.5996       5.5869      0.23001
213       -1.958       5.3915      0.79161
214     -0.31397        5.671     -0.14708
215      -2.0796       5.5509    -0.035865
216       -1.382       5.5238      0.65039
217      -3.3174       4.4988       1.7949
218      -1.3549       5.6053       0.3656
219       -2.331       5.5321     -0.17511
220       1.0842       5.0405       1.2257
221       1.2614       5.0302       1.0735
222   -0.0066819       5.5091      0.69348
223       1.0164       5.4033      0.06289
224      -1.0432       5.7133     0.090848
225      -1.1221       5.6655      0.35071
226      0.84841       5.4993     -0.14772
227     -0.57461       5.7489     -0.13193
228      -0.5267       5.7217      0.10325
229      0.62807       5.5081       0.2831
230     -0.33018        5.623      0.55527
231      -2.1473       5.4963      0.56454
232      -2.0669       5.6492     -0.15206
233      -1.6979        5.582      0.57703
234      -1.6418       5.6455      0.34141
235     -0.23094       5.7167     0.090183
236      -1.6072       5.6583      0.32733
237      0.71646       5.4289      0.59631
238      -2.4793       5.3872       0.7246
239     -0.58475       5.7137      0.33759
240     -0.88923       5.7258      0.33582
241      0.55908       5.6307     -0.14646
242     -0.28546       5.7017      0.33934
243       1.8105       4.6366       1.5729
244      -3.3185       4.8443       1.3961
245      -0.7334       5.7305      0.42306
246     -0.82709       5.8244     -0.11726
247      0.68195       5.4364      0.77142
248    0.0081424         5.69      0.34105
249      0.35189       5.5721      0.61738
250      -1.8166       5.7603     -0.13021
251       -2.402       5.4685      0.69404
252       1.1268       5.4983     -0.13254
253       1.8646       4.5375       1.7782
254      -1.1446        5.755      0.38696
255       1.5325       4.9462       1.3308
256      -1.9252       5.6852      0.31752
257       1.3119       5.4237     0.033842
258      -1.8545       5.7102      0.28984
259      0.29559       5.6786      0.34273
260        -2.02       5.6413       0.5022
261     -0.36605       5.8141      0.15772
262      -2.3878       5.5616      0.50608
263      -2.8334       5.3253      0.85068
264     0.011552       5.7185       0.4511
265      -2.3327       5.6762     0.027604
266      -1.0796       5.8998     -0.10258
267       1.7447       4.9857       1.1551
268      -1.5743       5.8677     -0.10906
269      0.92395       5.5723       0.3146
270       1.2493       5.3757      0.66312
271      -2.9348       5.3457      0.79692
272       1.0857        5.395      0.81557
273      0.59382       5.6667      0.34446
274     -0.29238       5.8255      0.32125
275      0.98066       5.5359      0.47109
276       1.3925       5.4975     -0.11804
277      0.59058       5.7311      0.09197
278      -1.5056       5.8419       0.2793
279      -2.2047       5.7244      0.29396
280      -2.0959       5.7609      0.25322
281      0.82729       5.6785      0.11757
282       1.5837       5.2161       0.8724
283     -0.89456       5.9398     0.080353
284       1.4497       5.2587      0.97003
285     -0.61061       5.9446     0.063303
286      -1.1133       5.9575   -0.0037775
287      -1.8961       5.8228      0.29414
288     -0.60244       5.9491     0.073243
289     -0.79024       5.9759    -0.081536
290      -3.3197       5.1899      0.99734
291      -1.0611       5.9756    -0.084722
292      0.83614       5.7485     -0.11583
293     -0.51934       5.9762     -0.07835
294      -1.5826       5.9342    -0.011662
295      0.90814       5.6541       0.3463
296     -0.32667       5.9495     0.046252
297       1.6295       5.4457    0.0026288
298      -1.8332       5.8931     0.064584
299       -1.332       5.9752    -0.087908
300       -2.394       5.7101      0.41533
301       0.9596       5.5942      0.58637
302     -0.31033       5.9584     0.066133
303      0.70749        5.703      0.46281
304     -0.24843       5.9765    -0.075164
305      -2.0837        5.852      0.14083
306      -1.2481       5.9674      0.13879
307       2.0042       4.8469       1.4414
308     -0.96931       5.9815      0.12762
309      -1.6169       5.9617    -0.046728
310       1.6847       5.1772       1.0622
311    -0.042724       5.9543     0.029202
312     0.028683       5.9152      0.22339
313      0.40759       5.8338      0.31411
314       2.1038       4.8882       1.2923
315      -2.3343       5.8109      0.21708
316      -2.4822       5.7632      0.27057
317     0.022474       5.9769    -0.071979
318    -0.018215       5.9676     0.059023
319       1.6832       5.4965     -0.10218
320      -1.9017       5.9482   -0.0055475
321     -0.65582       6.0362     0.070194
322      0.24122       5.9591     0.012152
323       2.3467       4.6075       1.6396
324       1.2399       5.6409      0.34823
325      -2.9006       5.6341      0.46219
326      0.29338       5.9772    -0.068793
327       1.4766       5.5223        0.503
328      -2.1866       5.9347     0.035633
329       2.3828       4.5414       1.7765
330       0.2739       5.9769     0.051914
331       1.7133       5.4037      0.65776
332     -0.28216       6.0786     0.028161
333     -0.94395       6.1267     -0.14283
334      -1.1468        6.132     -0.20833
335      -2.6041       5.8301      0.21235
336       1.5152        5.604      0.24386
337      0.52516        5.964   -0.0048983
338      0.56428       5.9775    -0.065607
339      -1.5567       6.1276     -0.24269
340         1.95       5.2851      0.81253
341       1.9688       5.4691    -0.030724
342      -2.4714       5.9212     0.076813
343      0.56601       5.9862     0.044804
344       -1.724       6.1022    -0.026525
345      -1.4489       6.1403    -0.065474
346       1.2887       5.6936      0.46836
347     -0.57565       6.1796      -0.2008
348      -2.8234       5.7891      0.31559
349       1.5332       5.5623      0.61809
350      -3.3208       5.5354      0.59856
351       1.1066       5.8635     -0.08594
352       1.9984       5.4955    -0.084985
353      -1.1641       6.1797      -0.1058
354       -2.035       6.0591     0.017519
355       1.0442        5.825      0.31864
356       1.7781       5.5689      0.14421
357       1.7777       5.4309      0.76784
358      -2.8509       5.8149      0.23949
359     0.047048       6.1261    -0.020739
360      -1.3178       6.2104     -0.34618
361      0.80911       5.9688    -0.021949
362       2.1867       5.1666      0.96729
363      0.83519       5.9778    -0.062421
364       2.4758       4.7476        1.552
365     -0.86986       6.2205     -0.14748
366      0.79974       5.9563      0.16893
367       1.5146       5.6962      0.30215
368      -2.4016       6.0084     0.069439
369       2.0465       5.2865      0.93246
370      -2.8949       5.8507      0.20726
371      0.14865       6.1689     -0.17838
372      0.85813       5.9955     0.037694
373       -2.002       6.1648     -0.24531
374      -2.8353        5.904      0.12942
375       2.0402       5.5338     0.044861
376     -0.56638       6.2625     -0.19045
377     -0.13358       6.2359     -0.26193
378      0.55532       6.0876     0.019241
379       2.4305       5.0444       1.1267
380       1.0931       5.9736    -0.038999
381       1.1061       5.9782    -0.059235
382       2.3447       5.1263       1.1151
383      -2.8284       5.9493      0.12987
384      -2.3704       6.1244     -0.16568
385      0.64597       6.1259     -0.12044
386       1.1176        5.987   -0.0091775
387      -0.2541       6.3058     -0.23468
388      0.31092       6.2189     -0.13043
389      -1.9133       6.2533     -0.20328
390       1.3356       5.9051      0.22021
391       2.0639       5.6311     -0.06366
392      -1.6429       6.3084     -0.26184
393      -1.0079       6.3687     -0.43167
394       1.8169        5.756    -0.060923
395       2.3344       5.4944    -0.066656
396       2.0465       5.5476      0.51201
397       1.8764       5.6299      0.53343
398        1.593       5.8692    -0.058442
399      -1.8324       6.3146      -0.4326
400       1.7736       5.7483      0.25869
401      0.42516       6.2617     -0.28503
402       2.8829       4.5783       1.7064
403       2.7173       4.9007       1.3142
404      -1.0774       6.4003     -0.35758
405        1.377       5.9785    -0.056049
406      0.91471       6.1475     -0.17864
407        2.901       4.5452       1.7748
408       2.3239       5.3803      0.72647
409       -2.724       6.1185     -0.12699
410       2.6734       4.9497       1.3164
411     0.066559       6.3502     -0.28009
412        2.513        5.226      0.91976
413       -3.322       5.8809      0.19977
414       2.1395       5.5383      0.63637
415     -0.45704       6.4383     -0.50713
416       0.8843       6.1852     -0.10031
417       1.6819        5.847      0.28249
418      0.92913       6.1841     -0.17382
419       1.1532       6.0958  -1.9257e-05
420      -1.3682       6.4343     -0.40166
421      -2.2936       6.2832     -0.24424
422     -0.24538       6.4401     -0.38877
423       2.9475       4.6484       1.6625
424      0.40517       6.3492     -0.28437
425      0.19598       6.4026     -0.45586
426       1.6782       5.9432     0.011389
427       2.4479       5.4057      0.78657
428       -1.299       6.5208     -0.68716
429     -0.59788       6.5417     -0.51159
430       3.0492       4.7345       1.5312
431      0.35025        6.435     -0.38163
432      0.74065       6.3481     -0.28862
433       1.6546       6.0278     -0.09241
434       2.0491       5.8037      0.21246
435       3.0328       4.7566       1.5365
436       1.3593       6.1682     -0.30612
437       1.3764        6.168     -0.25308
438      0.97634       6.3132     -0.41431
439      -2.7813       6.2775     -0.24618
440      -1.8669       6.5079     -0.49486
441      0.67554       6.4105     -0.44306
442    -0.041187       6.5484     -0.63264
443     -0.69805       6.5982     -0.70071
444       1.5345       6.1057    -0.017797
445       1.9909       5.9065     0.081425
446       0.2799       6.5155     -0.47849
447       2.7871       5.2576      0.95437
448      -2.6193       6.3999     -0.45968
449       2.9534       5.1223       1.0709
450       1.0728       6.3471     -0.29282
451       2.2499       5.7709      0.36235
452       2.7241       5.4045      0.72525
453     -0.99249       6.6555     -0.64907
454       1.0061       6.3886     -0.40309
455      -2.1639       6.5394     -0.66096
456      -1.0876       6.6702     -0.79174
457       3.1863       4.8357        1.422
458      -1.6804       6.6406     -0.79776
459       2.5229        5.652        0.422
460      0.63849       6.5211     -0.48481
461      0.37524       6.5942     -0.66585
462     -0.28588       6.6988     -0.81502
463       1.9424        6.079     -0.13011
464      -3.3234       6.2429     -0.21584
465         1.34       6.3758      -0.5797
466       3.4192       4.5491       1.7731
467       2.3504       5.8643      0.16192
468       1.8956       6.1194    -0.039621
469       1.4013       6.3461     -0.29698
470       1.3757       6.3743     -0.46755
471       1.0428       6.4919     -0.66847
472      -0.0694       6.7349     -0.74295
473       -2.516       6.5764     -0.58483
474       1.7334       6.2591     -0.32852
475      -1.4297       6.7815     -0.80142
476       2.8696       5.5778      0.57825
477      0.93107       6.6086     -0.58953
478       3.4174       4.9073        1.354
479      0.54276       6.7191     -0.72294
480        1.726       6.3452     -0.30109
481     -0.56004       6.8674      -1.0194
482       1.0888       6.6083     -0.64944
483     -0.57504       6.8849     -0.92429
484       2.2398       6.1319     -0.16907
485       1.9895       6.2685     -0.32458
486      0.73792       6.7186       -0.791
487      -1.2755       6.9069      -1.1112
488       2.3538       6.1134    -0.040095
489        1.319       6.6003     -0.87564
490       1.7548       6.4337     -0.50893
491      0.26362       6.8581     -0.97131
492        1.375       6.5966     -0.69875
493       1.1142       6.6837     -0.94129
494       2.7489       5.9059       0.1963
495      -1.0225       6.9854      -1.0458
496       3.4156       5.2655      0.93491
497       2.0599       6.3442     -0.30532
498      -1.1698       6.9816      -1.1635
499      -1.9042       6.9183     -0.96674
500       1.5611       6.5677     -0.55292
501      -1.9554        6.917      -1.0857
502      -2.5518       6.8025      -0.9282
503       1.2277       6.6972     -0.69572
504       2.6777       6.0112     0.012352
505      -0.1481       6.9773      -1.1258
506       2.9571       5.8043      0.27346
507      -3.3248       6.6048     -0.63146
508     -0.87891       7.0635      -1.2571
509       2.5458       6.1863     -0.20916
510     -0.19711        7.044      -1.1149
511      -2.9524       6.7679     -0.85238
512      -1.4278        7.074      -1.1531
513      0.25372       7.0267      -1.0933
514       1.8132       6.6029     -0.59723
515        1.177       6.8426     -0.91222
516       0.8466       6.9545      -1.0055
517       2.4482        6.343     -0.31023
518      -2.8798        6.879     -0.93856
519       3.4139       5.6237       0.5158
520       1.2964       6.8425       -1.195
521       1.3742       6.8351     -0.94668
522       1.5282        6.787     -0.80328
523       1.1908       6.8897      -1.2344
524       2.2972       6.4844     -0.53246
525      -2.3787       7.0551      -1.1321
526      0.83248       7.0243      -1.1346
527       1.8566       6.7115     -0.79221
528       1.2325       6.9416     -0.98948
529       2.9922       6.1524     -0.13134
530       2.1438       6.6452     -0.65097
531       2.9304       6.2547     -0.25955
532      -1.2521       7.2929      -1.5352
533     -0.69625       7.3076      -1.5266
534      -2.9398       7.0656      -1.1955
535      -1.1145       7.3444      -1.4777
536       2.8946       6.3416     -0.31588
537       1.8339       6.8784      -0.9127
538     -0.57086       7.3482      -1.4814
539     -0.14037       7.3222       -1.518
540       -1.771       7.3019      -1.5171
541      -3.3263       6.9667      -1.0471
542       3.4121       5.9819     0.096696
543       1.2716       7.0939      -1.1939
544      -1.6678       7.3404      -1.4739
545    -0.049375       7.3519      -1.4849
546       1.3734       7.0912       -1.213
547       1.1216       7.1676      -1.2612
548       1.2718       7.1072      -1.5438
549        1.486       7.0827      -1.1587
550       0.4055       7.3366      -1.5095
551      -2.8532       7.1919      -1.2974
552      -2.2899       7.3108       -1.499
553      -2.2211       7.3365      -1.4702
554      0.44881       7.3554      -1.4883
555       2.5326       6.7223     -0.74546
556       2.6495       6.7216     -0.76001
557       2.3324       6.8806      -0.9424
558      0.91069       7.3498      -1.5017
559       3.0089       6.5414     -0.55332
560      0.92293       7.3588      -1.4915
561      -2.8088       7.3197      -1.4808
562       2.0214       7.0366      -1.1213
563      -2.7744       7.3326      -1.4664
564       2.1753       6.9804      -1.0349
565       1.7011       7.1972      -1.3055
566       3.4103       6.3401     -0.32241
567       1.3725        7.362      -1.4945
568      -3.3277       7.3287      -1.4627
569       1.8272       7.3595      -1.4909
570       2.9543       6.8808     -0.93348
571       2.5533       7.0934      -1.1702
572       3.4116       6.6769     -0.70772
573       2.7209       7.0653       -1.153
574       2.3351       7.3567      -1.4869
575       2.9684       7.2175      -1.3188
576       3.4129       7.0138       -1.093
577       2.8746       7.3537      -1.4826
578       3.4142       7.3507      -1.4783
EndCoordinates

Elements
1 270 284 349 272
2 402 364 323 329
3 240 239 285 288
4 512 501 487 458
5 441 460 424 432
6 320 344 339 373
7 225 216 254 218
8 344 345 294 309
9 398 319 297 276
10 239 228 288 261
11 182 218 225 224
12 473 518 502 511
13 271 195 238 263
14 61 60 58 55
15 231 251 213 260
16 104 145 103 116
17 211 222 264 196
18 240 288 285 283
19 421 455 440 399
20 7 14 8 20
21 77 83 76 74
22 530 524 555 517
23 171 94 112 161
24 448 455 421 384
25 74 77 69 72
26 101 102 113 134
27 99 101 113 134
28 445 394 400 426
29 113 98 100 102
30 139 136 135 124
31 378 388 424 385
32 534 561 525 552
33 25 23 22 21
34 287 236 258 278
35 412 408 362 427
36 461 431 441 460
37 468 433 444 480
38 122 145 104 141
39 54 48 51 52
40 417 367 356 400
41 101 98 113 102
42 468 417 444 426
43 69 77 73 79
44 515 493 520 521
45 16 14 31 20
46 361 338 292 277
47 294 345 344 278
48 353 420 360 345
49 211 204 249 170
50 58 60 54 55
51 355 275 324 346
52 552 502 525 534
53 408 369 362 427
54 520 493 515 523
55 360 420 428 399
56 190 199 155 150
57 512 535 495 498
58 24 23 33 21
59 390 417 398 426
60 163 157 217 179
61 145 141 191 132
62 501 544 512 540
63 348 316 335 300
64 299 158 306 278
65 324 390 355 346
66 158 278 212 218
67 120 167 123 144
68 15 11 6 9
69 123 137 167 134
70 255 221 310 267
71 358 348 316 335
72 306 345 294 278
73 351 390 257 276
74 530 524 490 527
75 351 276 257 252
76 440 399 392 389
77 501 455 499 502
78 22 7 11 8
79 226 292 197 281
80 529 494 536 504
81 24 34 26 41
82 373 354 421 384
83 282 349 357 331
84 563 525 552 553
85 373 320 354 328
86 184 230 222 196
87 6 4 15 9
88 501 525 552 502
89 34 41 44 45
90 302 288 274 332
91 388 401 424 385
92 153 132 168 142
93 500 470 480 469
94 158 169 299 224
95 570 559 572 536
96 561 551 568 534
97 26 34 24 13
98 530 497 524 517
99 221 284 270 272
100 238 263 195 192
101 408 451 396 414
102 487 498 495 456
103 50 56 54 57
104 141 180 184 196
105 154 123 146 137
106 249 273 313 303
107 39 14 19 20
108 17 11 15 9
109 377 371 411 359
110 505 510 513 545
111 487 501 512 540
112 377 425 411 371
113 408 414 369 427
114 370 348 335 383
115 354 384 373 328
116 405 390 444 419
117 174 251 238 192
118 445 434 468 417
119 51 48 45 52
120 564 557 555 530
121 282 357 340 331
122 421 354 368 384
123 287 258 256 280
124 343 366 313 277
125 155 109 126 133
126 570 556 536 555
127 397 367 417 400
128 553 544 501 540
129 118 100 113 98
130 525 561 563 552
131 501 553 499 544
132 564 562 537 565
133 184 180 189 230
134 424 388 411 371
135 154 200 189 198
136 445 417 468 426
137 402 430 364 423
138 551 541 568 534
139 256 233 258 260
140 67 66 70 64
141 448 439 421 473
142 263 208 195 192
143 63 60 56 57
144 51 54 58 57
145 499 455 501 458
146 155 201 190 178
147 272 203 220 205
148 481 538 505 533
149 101 135 99 108
150 123 137 113 107
151 360 420 392 345
152 446 431 461 460
153 330 388 401 371
154 255 243 267 307
155 213 233 206 260
156 232 187 215 202
157 415 347 377 387
158 349 327 270 346
159 391 375 434 394
160 373 399 421 389
161 220 185 165 142
162 44 46 45 52
163 288 228 296 261
164 81 85 76 83
165 103 100 118 98
166 460 450 454 477
167 313 366 273 277
168 164 136 174 124
169 233 278 218 236
170 348 370 335 358
171 526 516 560 554
172 223 269 355 281
173 547 526 543 528
174 60 57 63 64
175 69 70 71 73
176 571 570 556 573
177 495 475 487 456
178 555 524 536 517
179 206 256 231 260
180 373 354 320 389
181 282 310 357 284
182 392 420 360 399
183 222 211 249 170
184 169 266 299 224
185 524 555 536 556
186 529 536 509 504
187 495 498 535 508
188 543 546 520 523
189 73 77 78 79
190 112 94 127 161
191 153 117 145 132
192 552 525 501 553
193 436 419 450 418
194 409 448 464 439
195 561 563 568 551
196 239 288 240 245
197 555 524 557 556
198 512 475 499 458
199 220 272 221 203
200 176 250 210 268
201 63 57 65 64
202 515 528 522 521
203 405 390 351 276
204 355 269 324 295
205 253 194 255 243
206 141 170 191 132
207 214 304 293 296
208 440 399 455 458
209 312 274 248 264
210 177 134 124 120
211 330 259 313 312
212 543 528 520 546
213 116 153 165 117
214 396 451 434 397
215 236 234 233 278
216 520 528 515 521
217 499 525 501 502
218 340 357 396 331
219 506 494 529 504
220 435 403 457 430
221 230 274 239 245
222 557 527 564 562
223 444 433 468 426
224 140 117 165 142
225 483 462 481 510
226 6 4 2 7
227 114 133 109 155
228 34 38 33 23
229 167 134 177 120
230 544 532 512 540
231 332 312 302 318
232 422 415 429 462
233 469 480 474 470
234 215 219 202 183
235 123 167 120 134
236 54 52 58 55
237 77 78 87 83
238 181 216 225 218
239 241 277 197 281
240 527 537 522 514
241 485 480 490 474
242 549 547 543 528
243 83 78 74 77
244 231 206 213 174
245 422 415 377 387
246 518 511 541 534
247 367 327 349 346
248 211 264 248 196
249 170 168 191 132
250 158 218 182 224
251 443 483 429 462
252 118 103 106 100
253 288 302 274 261
254 520 493 489 521
255 201 190 259 155
256 217 162 163 179
257 444 437 419 469
258 353 404 360 420
259 565 569 537 564
260 342 374 335 383
261 28 14 16 10
262 360 404 353 334
263 164 136 139 192
264 450 470 437 436
265 87 77 88 82
266 210 280 258 305
267 391 395 375 352
268 391 341 319 352
269 222 196 211 170
270 518 541 551 534
271 512 501 499 544
272 256 258 287 260
273 408 452 459 427
274 571 556 557 573
275 230 242 274 264
276 275 301 270 346
277 515 522 503 521
278 221 272 270 203
279 444 433 405 437
280 428 399 420 458
281 113 137 123 134
282 165 117 153 142
283 191 153 145 132
284 561 525 563 551
285 531 529 566 536
286 247 203 272 205
287 351 355 324 390
288 485 524 490 497
289 197 277 229 281
290 349 331 282 270
291 316 279 315 300
292 79 69 71 73
293 495 535 538 508
294 502 511 518 534
295 481 483 538 508
296 201 311 214 235
297 13 23 24 12
298 204 247 191 168
299 323 430 364 402
300 445 400 417 426
301 239 274 288 321
302 71 70 69 63
303 63 66 62 60
304 210 298 236 212
305 288 283 240 245
306 33 29 24 21
307 357 369 340 414
308 501 525 499 553
309 570 571 556 555
310 191 186 222 170
311 421 354 373 389
312 489 471 492 482
313 519 494 506 476
314 441 460 454 477
315 405 390 398 426
316 249 204 211 259
317 355 295 275 301
318 214 227 171 228
319 299 268 158 278
320 69 63 70 66
321 321 376 347 365
322 165 205 220 142
323 281 380 355 351
324 310 221 282 267
325 555 557 564 571
326 149 127 207 228
327 445 391 434 394
328 251 262 348 300
329 113 137 118 107
330 412 447 382 379
331 33 41 24 29
332 299 345 353 334
333 193 173 148 224
334 136 152 139 192
335 549 565 569 537
336 446 461 425 442
337 550 513 505 491
338 339 299 345 309
339 33 44 34 41
340 165 140 147 121
341 355 324 223 351
342 561 534 525 551
343 368 300 383 335
344 313 343 337 330
345 340 369 408 414
346 148 169 160 115
347 347 429 365 376
348 296 235 302 261
349 111 139 135 110
350 403 379 410 449
351 146 137 123 107
352 270 327 324 346
353 479 491 513 516
354 232 219 215 265
355 225 200 254 216
356 178 126 155 109
357 481 462 505 510
358 509 559 524 536
359 573 570 575 571
360 262 316 300 279
361 46 53 45 52
362 303 295 301 275
363 411 425 424 401
364 348 413 358 325
365 429 415 443 462
366 223 324 252 351
367 191 145 186 141
368 242 235 248 188
369 256 287 279 260
370 213 174 206 156
371 546 522 528 521
372 245 180 198 239
373 299 266 286 224
374 480 474 437 469
375 495 508 481 456
376 516 554 491 513
377 488 484 445 468
378 56 60 54 57
379 471 465 482 454
380 157 195 244 208
381 359 312 332 318
382 426 400 398 394
383 315 342 368 328
384 150 155 138 166
385 213 206 231 260
386 519 542 506 494
387 354 344 287 298
388 411 388 359 371
389 70 63 71 65
390 353 404 365 334
391 360 393 404 334
392 348 358 316 325
393 51 54 50 48
394 525 518 502 473
395 195 208 152 192
396 214 201 304 311
397 80 75 74 78
398 155 178 190 126
399 369 310 314 307
400 135 124 164 177
401 339 345 344 309
402 240 308 254 245
403 108 135 99 124
404 258 280 287 305
405 125 136 195 152
406 191 168 153 132
407 165 185 140 142
408 421 455 448 473
409 481 483 443 462
410 535 532 533 508
411 42 51 50 48
412 220 205 203 142
413 447 449 412 452
414 566 529 542 536
415 535 498 532 508
416 355 301 275 346
417 355 390 386 419
418 249 204 191 170
419 315 354 300 287
420 33 34 24 41
421 313 259 249 264
422 155 150 199 166
423 157 244 217 179
424 213 174 164 192
425 434 400 445 394
426 490 524 530 497
427 157 152 195 208
428 249 259 313 273
429 288 245 239 321
430 255 194 220 185
431 33 38 25 23
432 302 347 288 332
433 66 60 63 64
434 35 37 36 32
435 528 526 543 515
436 503 522 515 528
437 468 433 463 426
438 339 392 360 399
439 337 322 326 277
440 36 37 22 32
441 382 369 362 314
442 353 365 333 334
443 113 101 99 98
444 145 117 104 132
445 68 69 74 66
446 350 263 271 325
447 103 145 106 116
448 44 41 33 43
449 138 172 112 149
450 283 245 288 321
451 69 68 62 66
452 343 378 313 366
453 368 384 354 328
454 34 44 33 38
455 529 494 542 536
456 443 483 481 456
457 451 467 459 434
458 398 336 367 390
459 355 295 303 366
460 263 290 195 208
461 538 483 481 510
462 104 141 145 132
463 86 109 85 83
464 274 242 248 264
465 575 570 573 576
466 415 462 422 442
467 45 48 44 52
468 45 53 51 52
469 139 136 125 152
470 189 200 154 146
471 169 299 176 158
472 212 294 298 278
473 250 176 210 187
474 420 399 440 458
475 514 500 527 490
476 26 41 34 45
477 42 41 26 45
478 555 530 557 524
479 489 493 515 521
480 294 345 299 309
481 509 536 524 517
482 237 270 275 272
483 287 305 315 354
484 482 503 477 450
485 336 324 367 390
486 230 196 180 242
487 342 409 368 384
488 76 72 77 74
489 512 532 535 498
490 368 439 384 409
491 255 267 310 307
492 414 451 396 397
493 268 212 158 278
494 427 408 451 459
495 220 284 221 272
496 117 132 153 142
497 200 245 189 198
498 139 164 135 136
499 527 537 564 562
500 398 356 297 319
501 44 48 49 52
502 512 487 495 475
503 405 437 419 444
504 447 379 412 449
505 306 294 299 278
506 463 485 468 497
507 191 222 249 170
508 296 288 285 228
509 299 294 268 278
510 287 234 236 278
511 340 310 282 267
512 282 221 310 284
513 296 228 214 261
514 274 235 242 261
515 24 13 34 23
516 475 428 487 456
517 331 270 349 327
518 58 51 59 53
519 91 126 92 97
520 167 123 154 137
521 206 233 256 260
522 487 532 512 498
523 495 487 512 498
524 122 180 184 141
525 221 185 220 142
526 206 233 213 177
527 113 98 99 96
528 186 196 222 170
529 258 236 287 234
530 78 82 79 77
531 113 96 99 107
532 269 295 355 281
533 408 427 451 414
534 499 502 455 473
535 324 327 367 346
536 512 532 487 540
537 357 349 282 284
538 382 314 362 379
539 382 412 362 427
540 16 28 31 14
541 557 530 564 527
542 557 524 530 527
543 186 141 184 196
544 298 236 212 278
545 222 186 184 196
546 322 241 326 277
547 203 205 168 142
548 452 519 506 476
549 180 230 184 196
550 362 369 382 427
551 437 470 469 474
552 238 251 263 192
553 62 56 63 60
554 507 541 518 511
555 155 178 109 188
556 186 141 145 159
557 184 141 186 159
558 145 141 122 159
559 122 141 184 159
560 151 210 176 187
561 421 455 373 384
562 486 516 515 526
563 213 251 174 192
564 19 40 32 15
565 258 233 287 260
566 103 98 118 96
567 503 450 482 469
568 556 571 557 555
569 554 516 491 526
570 126 109 93 133
571 547 560 526 516
572 63 65 70 64
573 255 243 194 185
574 489 482 492 503
575 168 203 247 205
576 154 146 107 122
577 225 181 200 216
578 386 355 351 390
579 59 51 58 57
580 351 324 257 390
581 257 324 336 390
582 292 277 241 281
583 109 83 93 89
584 459 452 476 427
585 429 347 415 376
586 127 112 171 172
587 522 546 528 549
588 35 36 19 32
589 340 357 282 310
590 239 274 242 261
591 304 201 317 311
592 386 372 355 419
593 362 408 340 369
594 5 2 7 3
595 135 136 164 124
596 446 461 479 460
597 99 134 120 124
598 237 272 247 203
599 226 351 223 252
600 444 390 405 426
601 503 470 500 469
602 479 491 486 461
603 135 134 99 124
604 482 450 477 454
605 270 301 272 346
606 270 272 349 346
607 349 417 367 346
608 225 173 193 224
609 560 558 526 554
610 239 245 274 321
611 340 369 357 310
612 154 144 167 200
613 167 144 181 200
614 181 144 154 200
615 485 480 468 497
616 285 293 296 228
617 299 353 345 306
618 223 355 351 281
619 367 390 324 346
620 275 270 324 346
621 322 259 190 277
622 350 348 263 325
623 239 274 230 242
624 484 445 468 463
625 220 194 165 185
626 573 577 575 576
627 512 544 535 532
628 542 529 506 494
629 93 126 91 109
630 440 420 392 399
631 373 455 421 399
632 370 383 413 348
633 195 263 271 290
634 537 546 522 549
635 495 456 483 453
636 176 158 299 268
637 155 126 190 133
638 310 221 255 284
639 255 221 220 284
640 34 45 44 46
641 349 270 282 284
642 114 95 93 133
643 492 522 503 500
644 546 537 522 521
645 263 238 348 251
646 222 230 264 196
647 303 295 273 281
648 476 452 447 427
649 324 275 355 295
650 145 153 116 117
651 145 116 104 117
652 302 312 332 274
653 257 324 351 252
654 439 368 384 421
655 424 432 378 385
656 167 200 181 216
657 283 308 240 245
658 368 409 342 383
659 397 396 331 400
660 147 140 165 185
661 191 168 247 205
662 361 277 292 281
663 557 564 574 562
664 138 242 248 188
665 492 471 489 465
666 296 302 288 261
667 306 254 225 224
668 499 501 512 458
669 382 447 412 427
670 118 104 103 96
671 331 349 367 327
672 342 409 374 383
673 499 475 440 458
674 307 379 323 314
675 566 559 531 536
676 191 141 186 170
677 444 417 390 426
678 410 379 447 449
679 141 196 186 170
680 35 39 19 36
681 119 129 139 128
682 58 57 60 64
683 61 66 67 64
684 362 412 382 379
685 447 410 382 379
686 270 272 237 203
687 61 60 66 64
688 525 502 499 473
689 266 160 246 224
690 465 454 471 438
691 258 233 256 234
692 287 233 258 234
693 33 43 41 29
694 488 509 467 484
695 536 529 509 531
696 572 559 566 536
697 256 233 206 234
698 354 344 320 389
699 319 341 356 297
700 283 266 289 246
701 174 177 164 156
702 44 38 34 46
703 136 124 139 108
704 253 243 255 307
705 123 134 99 113
706 238 251 231 262
707 254 245 200 198
708 340 408 396 414
709 396 357 340 414
710 564 557 574 571
711 353 306 286 308
712 160 161 148 127
713 320 344 354 298
714 492 482 471 465
715 118 98 113 96
716 33 23 25 21
717 360 420 404 393
718 165 116 140 121
719 282 270 221 284
720 271 263 350 290
721 520 546 548 523
722 459 451 504 467
723 337 338 361 277
724 385 378 330 343
725 500 492 490 470
726 171 228 172 188
727 244 179 157 208
728 62 63 69 66
729 215 232 202 219
730 443 415 429 393
731 391 395 434 375
732 195 290 244 208
733 434 417 445 400
734 357 331 349 397
735 318 377 332 359
736 35 47 37 32
737 552 553 501 540
738 429 347 365 393
739 421 399 440 389
740 526 560 547 558
741 122 189 154 146
742 191 204 249 247
743 419 469 437 450
744 240 283 285 228
745 246 227 285 228
746 106 116 145 153
747 548 546 543 523
748 227 214 296 228
749 330 322 259 312
750 343 313 337 277
751 526 558 547 543
752 385 401 432 441
753 302 235 274 261
754 470 450 437 469
755 416 450 419 418
756 40 11 15 30
757 259 313 273 277
758 421 439 448 384
759 310 267 314 307
760 273 295 229 281
761 235 228 172 261
762 179 152 157 208
763 439 409 448 384
764 398 390 367 417
765 6 11 15 7
766 19 11 22 7
767 15 4 6 7
768 15 11 19 7
769 297 336 398 276
770 257 336 297 276
771 251 231 300 260
772 212 268 210 294
773 92 112 171 94
774 140 116 165 117
775 531 559 509 536
776 239 242 172 228
777 530 537 527 514
778 486 477 479 460
779 461 441 486 460
780 505 538 481 510
781 429 415 387 376
782 320 298 354 305
783 24 34 33 23
784 475 456 495 453
785 54 60 58 57
786 267 243 314 307
787 164 174 213 177
788 36 47 35 39
789 490 480 485 497
790 479 461 486 460
791 481 483 495 456
792 499 455 440 473
793 118 137 146 107
794 113 99 123 107
795 214 235 296 261
796 447 452 412 427
797 536 517 509 488
798 494 488 536 504
799 339 299 360 345
800 535 533 538 508
801 296 227 293 214
802 342 384 368 328
803 550 545 513 554
804 428 420 360 393
805 441 431 424 460
806 58 60 61 64
807 411 422 377 387
808 451 459 504 494
809 163 162 152 179
810 564 527 530 537
811 344 309 298 320
812 404 420 428 393
813 362 314 369 267
814 314 310 369 267
815 362 369 340 267
816 369 310 340 267
817 437 386 405 419
818 143 152 162 129
819 168 205 165 142
820 308 245 283 321
821 139 119 111 129
822 153 168 165 142
823 238 195 174 192
824 174 136 164 192
825 195 136 174 192
826 50 54 51 57
827 195 152 136 192
828 444 480 437 469
829 249 211 222 264
830 526 558 550 554
831 87 90 95 89
832 353 345 360 334
833 248 259 312 264
834 530 527 490 514
835 17 9 15 27
836 471 482 489 493
837 482 503 489 493
838 482 515 503 493
839 344 320 339 309
840 337 330 322 277
841 375 391 341 394
842 171 178 214 188
843 248 155 166 188
844 285 239 240 228
845 302 318 312 311
846 285 288 239 228
847 298 210 236 258
848 233 234 287 278
849 322 317 190 201
850 118 96 113 107
851 412 452 408 427
852 475 420 440 458
853 23 12 13 8
854 487 475 512 458
855 487 428 475 458
856 313 330 337 277
857 153 168 191 205
858 165 168 153 205
859 171 112 138 172
860 197 175 229 277
861 207 148 149 173
862 190 199 175 277
863 504 451 488 467
864 91 109 126 97
865 92 178 171 97
866 171 112 92 97
867 318 377 359 371
868 392 344 389 339
869 220 203 221 142
870 182 115 158 169
871 181 233 206 216
872 92 126 178 97
873 181 144 167 216
874 126 109 178 97
875 68 72 76 74
876 509 488 467 504
877 19 14 7 20
878 7 8 22 20
879 476 451 459 427
880 231 260 256 279
881 93 109 86 83
882 49 52 54 55
883 395 391 434 467
884 321 333 365 347
885 435 403 364 410
886 11 7 6 8
887 189 184 122 180
888 313 303 273 366
889 144 216 181 156
890 144 177 167 156
891 164 124 174 156
892 303 237 273 295
893 369 314 382 307
894 181 216 206 156
895 135 101 99 134
896 439 409 368 383
897 127 148 228 161
898 440 455 421 473
899 269 223 197 281
900 178 201 214 188
901 155 201 178 188
902 480 500 490 470
903 492 500 503 470
904 503 528 515 516
905 213 177 174 156
906 206 177 213 156
907 22 32 19 20
908 357 414 396 397
909 410 447 478 449
910 434 451 417 397
911 396 331 357 397
912 31 14 39 20
913 36 32 22 20
914 440 455 499 458
915 250 215 298 232
916 428 420 475 458
917 502 518 525 534
918 525 518 551 534
919 312 259 313 264
920 177 135 124 134
921 146 122 118 107
922 122 96 118 107
923 306 218 158 224
924 220 221 255 185
925 165 194 147 185
926 377 359 411 387
927 312 235 201 188
928 139 124 135 108
929 158 169 115 131
930 296 311 302 235
931 365 393 334 404
932 503 489 493 515
933 135 110 139 108
934 479 477 486 516
935 11 12 23 8
936 324 252 257 223
937 109 171 138 188
938 367 417 390 346
939 536 488 509 504
940 157 125 152 128
941 468 417 434 451
942 445 434 467 451
943 468 434 445 451
944 445 488 468 451
945 41 43 44 48
946 44 43 49 48
947 41 45 42 48
948 45 51 42 48
949 44 45 41 48
950 303 295 355 301
951 221 267 255 185
952 267 243 255 185
953 342 335 368 383
954 495 483 481 508
955 229 295 269 281
956 268 294 212 278
957 65 57 59 64
958 538 483 495 508
959 191 170 204 168
960 214 228 171 188
961 411 446 425 442
962 422 446 411 442
963 377 415 422 442
964 377 422 411 442
965 411 425 377 442
966 182 193 225 218
967 212 278 236 218
968 24 29 18 21
969 122 159 189 146
970 415 347 429 393
971 162 163 152 143
972 365 347 333 393
973 365 404 429 393
974 77 88 82 79
975 201 235 214 188
976 116 153 106 121
977 451 408 396 459
978 538 533 481 508
979 51 53 58 52
980 165 153 116 121
981 435 423 430 466
982 430 423 402 466
983 402 423 407 466
984 430 457 435 466
985 457 478 435 466
986 498 508 495 456
987 360 392 339 345
988 392 344 339 345
989 190 209 241 175
990 199 150 190 175
991 19 32 36 20
992 19 36 39 20
993 190 259 199 277
994 19 7 22 20
995 445 434 391 467
996 417 400 434 397
997 434 400 396 397
998 425 446 411 431
999 424 425 411 431
1000 333 353 308 365
1001 229 199 259 277
1002 416 372 419 366
1003 172 235 138 188
1004 248 230 242 196
1005 238 348 262 325
1006 278 294 298 344
1007 135 102 111 101
1008 171 172 138 188
1009 207 173 240 224
1010 303 366 295 281
1011 526 491 486 516
1012 486 491 479 516
1013 69 68 74 72
1014 49 48 54 52
1015 58 54 51 52
1016 559 556 524 536
1017 257 390 336 276
1018 398 390 405 276
1019 336 390 398 276
1020 516 486 503 477
1021 425 401 411 371
1022 145 159 122 130
1023 118 122 146 130
1024 122 159 146 130
1025 104 145 122 130
1026 118 96 122 130
1027 122 96 104 130
1028 104 96 118 130
1029 103 104 118 130
1030 103 145 104 130
1031 106 103 118 130
1032 106 145 103 130
1033 299 294 306 345
1034 562 537 546 521
1035 294 210 250 268
1036 210 294 250 298
1037 15 30 17 27
1038 248 312 201 188
1039 311 201 322 312
1040 354 298 287 305
1041 14 7 8 5
1042 354 328 320 305
1043 249 259 211 264
1044 211 259 248 264
1045 468 485 463 474
1046 468 480 485 474
1047 463 433 468 474
1048 433 480 468 474
1049 433 437 444 474
1050 437 480 444 474
1051 444 480 433 474
1052 482 454 465 470
1053 450 454 482 470
1054 492 503 482 470
1055 482 465 492 470
1056 490 474 480 470
1057 11 12 18 21
1058 24 12 23 21
1059 18 12 24 21
1060 348 238 262 251
1061 451 504 488 494
1062 429 483 443 453
1063 483 456 443 453
1064 429 393 404 453
1065 443 393 429 453
1066 443 456 393 453
1067 428 420 404 453
1068 475 420 428 453
1069 428 456 475 453
1070 404 393 428 453
1071 393 456 428 453
1072 40 11 32 15
1073 127 172 171 161
1074 127 94 105 161
1075 171 112 127 161
1076 375 395 341 352
1077 246 148 160 161
1078 138 248 166 188
1079 311 322 201 317
1080 303 247 237 301
1081 247 272 237 301
1082 237 272 275 301
1083 436 386 437 419
1084 275 272 270 301
1085 283 365 321 333
1086 482 470 503 469
1087 450 470 482 469
1088 177 216 167 156
1089 167 216 144 156
1090 233 177 206 156
1091 233 216 177 156
1092 206 216 233 156
1093 180 198 189 245
1094 366 277 361 281
1095 400 394 434 356
1096 434 394 375 356
1097 418 416 385 372
1098 181 206 233 234
1099 424 401 425 431
1100 70 66 63 64
1101 441 401 424 431
1102 59 57 58 64
1103 425 401 441 431
1104 425 461 446 431
1105 425 441 461 431
1106 246 148 207 224
1107 505 533 538 539
1108 70 77 74 78
1109 78 83 74 80
1110 538 510 505 539
1111 538 545 510 539
1112 510 545 505 539
1113 215 305 265 280
1114 370 335 374 383
1115 190 241 322 277
1116 112 172 127 149
1117 330 318 312 359
1118 503 486 482 477
1119 423 402 407 364
1120 241 175 209 277
1121 360 345 299 334
1122 240 245 254 198
1123 181 200 154 198
1124 559 570 576 556
1125 237 247 204 203
1126 160 266 169 224
1127 247 168 204 203
1128 172 228 235 188
1129 569 565 549 567
1130 543 547 549 567
1131 372 366 361 281
1132 387 347 377 332
1133 144 167 177 120
1134 232 265 215 305
1135 197 229 269 281
1136 138 235 242 188
1137 95 114 93 89
1138 86 87 88 93
1139 389 320 373 344
1140 172 127 149 228
1141 399 389 373 339
1142 354 328 315 368
1143 93 83 87 89
1144 378 432 416 385
1145 429 462 483 472
1146 422 462 429 472
1147 446 442 422 472
1148 462 510 483 472
1149 513 491 479 472
1150 422 442 462 472
1151 479 461 446 472
1152 491 461 479 472
1153 505 491 513 472
1154 513 510 505 472
1155 462 442 491 472
1156 491 442 461 472
1157 461 442 446 472
1158 462 491 505 472
1159 505 510 462 472
1160 172 228 242 261
1161 155 248 201 188
1162 15 30 11 17
1163 497 517 488 484
1164 488 517 509 484
1165 509 517 524 484
1166 524 497 485 484
1167 547 567 543 558
1168 497 488 468 484
1169 524 517 497 484
1170 485 497 463 484
1171 463 497 468 484
1172 460 450 432 454
1173 490 500 480 514
1174 480 497 490 514
1175 490 497 530 514
1176 216 278 254 218
1177 233 234 236 218
1178 181 225 200 198
1179 181 234 233 218
1180 233 216 181 218
1181 225 254 306 218
1182 254 278 306 218
1183 393 365 334 333
1184 306 278 158 218
1185 246 161 227 228
1186 253 364 329 323
1187 506 452 476 459
1188 574 571 557 573
1189 200 137 167 154
1190 240 254 225 198
1191 254 200 225 198
1192 300 315 335 368
1193 315 300 335 316
1194 424 401 388 371
1195 411 401 424 371
1196 324 269 355 223
1197 457 403 410 449
1198 549 567 546 543
1199 201 322 312 248
1200 383 300 348 335
1201 356 417 398 336
1202 547 560 567 558
1203 430 364 403 323
1204 11 23 22 8
1205 380 363 292 361
1206 298 258 278 287
1207 337 361 343 277
1208 246 289 285 293
1209 574 573 575 571
1210 248 235 312 188
1211 328 354 315 305
1212 152 157 128 163
1213 152 163 179 157
1214 372 378 385 343
1215 139 128 129 152
1216 354 315 300 368
1217 75 70 67 74
1218 372 416 378 366
1219 459 476 494 451
1220 266 283 291 286
1221 115 160 148 105
1222 178 97 109 171
1223 264 230 248 196
1224 167 144 154 123
1225 448 507 439 473
1226 19 32 22 11
1227 367 349 397 417
1228 292 223 351 281
1229 169 158 182 224
1230 259 330 313 277
1231 90 114 95 89
1232 148 182 193 224
1233 93 114 109 89
1234 426 463 468 445
1235 467 488 484 445
1236 372 361 292 281
1237 415 347 387 376
1238 86 91 85 109
1239 148 105 160 127
1240 169 148 160 224
1241 249 237 204 273
1242 114 155 109 138
1243 361 292 338 363
1244 432 416 385 418
1245 2 5 1 3
1246 556 570 536 559
1247 280 305 265 315
1248 139 128 125 110
1249 212 151 176 158
1250 386 351 355 380
1251 110 101 108 135
1252 23 11 22 21
1253 288 332 321 274
1254 359 387 377 332
1255 169 182 148 224
1256 537 562 546 565
1257 204 259 249 273
1258 438 450 436 470
1259 266 283 289 291
1260 155 109 138 188
1261 323 307 253 364
1262 32 47 40 35
1263 330 359 312 378
1264 289 283 246 285
1265 7 2 6 3
1266 266 246 283 224
1267 169 131 158 176
1268 138 172 242 235
1269 322 248 201 259
1270 473 502 448 511
1271 330 388 359 378
1272 478 457 410 449
1273 283 286 266 224
1274 146 154 107 123
1275 160 105 161 127
1276 97 138 171 112
1277 441 482 477 454
1278 210 298 212 294
1279 398 356 319 394
1280 450 432 418 416
1281 448 507 464 439
1282 394 341 375 356
1283 325 262 316 348
1284 195 157 125 152
1285 564 565 574 562
1286 286 308 306 224
1287 248 242 274 235
1288 549 567 565 546
1289 296 293 227 228
1290 386 355 372 380
1291 353 306 299 286
1292 83 77 76 81
1293 380 281 355 372
1294 114 133 93 109
1295 343 372 378 366
1296 287 256 279 280
1297 70 73 77 78
1298 454 450 438 470
1299 249 247 204 237
1300 418 438 454 450
1301 209 197 241 277
1302 504 506 494 459
1303 465 454 438 470
1304 476 506 459 494
1305 300 280 287 279
1306 32 40 19 35
1307 227 161 171 228
1308 410 323 403 364
1309 335 315 342 368
1310 124 156 164 177
1311 19 15 32 11
1312 492 521 489 503
1313 489 515 503 521
1314 248 274 312 235
1315 432 401 424 441
1316 413 348 358 370
1317 148 161 246 228
1318 235 228 214 188
1319 441 482 486 477
1320 507 473 448 511
1321 406 419 436 418
1322 214 311 304 235
1323 435 430 364 403
1324 14 16 5 8
1325 151 215 187 183
1326 16 14 5 10
1327 187 250 215 210
1328 430 435 364 423
1329 445 451 467 488
1330 520 543 515 528
1331 303 301 237 275
1332 460 441 486 477
1333 74 69 70 66
1334 178 171 109 188
1335 343 330 313 378
1336 298 278 344 287
1337 507 518 473 511
1338 226 351 292 223
1339 201 312 311 235
1340 87 93 86 83
1341 426 405 444 433
1342 452 496 447 449
1343 371 318 330 359
1344 250 215 210 298
1345 177 144 124 156
1346 298 210 258 305
1347 215 280 210 305
1348 577 578 575 576
1349 391 352 375 341
1350 367 336 398 417
1351 394 319 341 356
1352 190 201 259 322
1353 84 83 78 80
1354 459 451 434 396
1355 70 67 74 66
1356 237 303 249 247
1357 298 278 258 236
1358 189 122 154 180
1359 334 353 286 333
1360 388 385 330 401
1361 281 292 380 351
1362 148 246 160 224
1363 238 263 348 325
1364 295 366 355 281
1365 81 86 85 83
1366 537 546 549 565
1367 543 567 546 548
1368 93 87 88 95
1369 308 365 283 333
1370 198 240 245 239
1371 300 231 262 279
1372 207 283 240 228
1373 292 281 380 372
1374 415 429 387 422
1375 312 322 311 318
1376 182 169 148 115
1377 250 187 215 232
1378 135 111 110 101
1379 229 277 273 281
1380 151 215 210 187
1381 248 155 201 259
1382 492 521 503 522
1383 312 322 318 330
1384 16 8 14 20
1385 259 155 199 166
1386 89 90 114 138
1387 258 287 298 305
1388 304 311 296 235
1389 543 549 528 546
1390 292 381 380 351
1391 189 180 245 230
1392 190 199 259 155
1393 231 174 251 238
1394 83 84 87 89
1395 304 296 214 235
1396 1 6 2 3
1397 86 93 91 109
1398 237 295 303 275
1399 305 280 287 315
1400 527 522 537 521
1401 406 450 436 438
1402 171 161 172 228
1403 353 286 333 308
1404 491 554 550 513
1405 367 417 356 336
1406 70 69 77 73
1407 418 450 406 438
1408 207 148 246 228
1409 83 77 86 87
1410 388 359 371 330
1411 312 274 302 235
1412 240 239 207 228
1413 7 6 8 3
1414 537 521 562 527
1415 8 5 7 3
1416 298 215 305 232
1417 410 307 323 364
1418 317 322 190 326
1419 149 207 172 228
1420 315 280 300 279
1421 419 406 436 386
1422 77 74 69 70
1423 36 35 47 37
1424 398 426 417 400
1425 419 372 355 366
1426 136 125 108 139
1427 246 283 207 228
1428 332 288 321 347
1429 323 410 403 379
1430 242 235 172 261
1431 239 172 207 228
1432 292 338 241 277
1433 377 332 347 302
1434 377 318 332 302
1435 464 409 383 374
1436 418 372 419 416
1437 86 87 77 88
1438 441 418 454 432
1439 333 308 286 283
1440 74 70 78 75
1441 302 311 312 235
1442 166 155 138 188
1443 402 329 407 364
1444 172 161 127 228
1445 432 418 454 450
1446 110 119 111 139
1447 184 189 122 159
1448 573 574 575 577
1449 207 148 173 224
1450 175 241 190 277
1451 460 432 441 454
1452 209 175 197 277
1453 1 6 4 2
1454 306 158 299 224
1455 527 514 522 500
1456 492 527 522 500
1457 174 231 251 213
1458 424 385 401 432
1459 343 361 366 277
1460 241 338 337 277
1461 436 419 437 450
1462 521 492 527 522
1463 84 80 78 75
1464 330 313 378 312
1465 527 500 492 490
1466 455 473 502 448
1467 77 83 86 81
1468 435 478 457 410
1469 325 413 350 348
1470 447 496 478 449
1471 248 166 155 259
1472 307 323 253 314
1473 554 491 550 526
1474 347 376 332 387
1475 435 403 410 457
1476 457 403 449 430
1477 307 410 323 379
1478 547 516 526 528
1479 565 564 574 569
1480 379 307 382 314
1481 134 123 99 120
1482 465 438 436 470
1483 278 233 218 216
1484 307 379 382 410
1485 78 77 87 82
1486 570 559 576 572
1487 322 330 259 277
1488 148 207 149 127
1489 87 83 78 84
1490 417 356 398 400
1491 380 351 381 405
1492 436 450 406 418
1493 12 11 23 21
1494 180 154 189 198
1495 231 251 300 262
1496 367 397 331 400
1497 418 419 372 406
1498 197 223 226 281
1499 332 347 321 376
1500 476 452 496 447
1501 146 200 154 137
1502 348 262 316 300
1503 439 464 409 383
1504 87 84 90 89
1505 288 274 239 261
1506 285 283 246 228
1507 543 520 515 523
1508 254 308 240 224
1509 286 334 299 353
1510 546 521 528 520
1511 298 215 210 305
1512 241 197 292 281
1513 176 212 158 268
1514 138 171 109 97
1515 193 182 225 224
1516 286 266 299 291
1517 109 89 114 138
1518 248 322 312 259
1519 273 277 366 281
1520 526 528 516 515
1521 300 287 260 279
1522 486 516 503 515
1523 452 519 476 496
1524 87 95 93 89
1525 341 391 319 394
1526 308 321 283 365
1527 349 331 367 397
1528 214 228 235 261
1529 242 228 239 261
1530 315 280 287 300
1531 101 135 102 134
1532 570 573 576 556
1533 264 242 248 230
1534 378 385 330 388
1535 413 374 383 370
1536 398 400 356 394
1537 380 351 405 386
1538 436 386 405 437
1539 413 374 464 383
1540 486 503 482 515
1541 240 283 207 224
1542 405 386 390 419
1543 125 108 139 110
1544 351 405 386 390
1545 144 177 124 120
1546 336 297 398 356
1547 416 385 372 378
1548 314 253 243 323
1549 366 343 372 361
1550 163 128 152 143
1551 283 308 286 224
1552 306 308 254 224
1553 321 333 288 283
1554 246 293 285 227
1555 128 143 129 152
1556 209 292 197 226
1557 260 231 300 279
1558 545 550 505 539
1559 271 263 238 325
1560 253 314 243 307
1561 363 380 292 381
1562 326 241 337 277
1563 176 210 212 268
1564 237 273 249 303
1565 432 385 441 418
1566 550 545 505 513
1567 419 372 406 386
1568 399 392 389 339
1569 128 152 139 125
1570 389 344 373 339
1571 333 347 321 288
1572 355 366 372 281
1573 209 292 241 197
1574 210 151 176 212
1575 298 344 294 309
1576 240 308 283 224
1577 337 326 338 241
1578 380 292 372 361
1579 322 190 326 241
1580 207 283 246 224
1581 128 110 139 119
1582 151 176 158 131
1583 273 366 303 281
1584 299 286 306 224
1585 148 127 228 207
1586 240 173 225 224
1587 180 239 230 242
1588 180 245 230 239
1589 227 293 285 228
1590 226 223 292 281
1591 225 254 240 224
1592 225 218 306 224
1593 187 215 202 183
1594 175 199 229 277
1595 229 259 273 277
EndElements

Dirichlet
1
2
3
4
5
6
7
8
9
10
11
14
15
16
17
19
20
22
27
28
30
31
32
35
36
37
39
40
47
EndDirichlet

Neumann
532
533
535
538
539
540
544
545
547
550
551
552
553
554
558
560
561
563
565
567
568
569
574
575
577
578
EndNeumann
