100 250
25 60
360 554 4 4

Coordinates
1   9.0843e-09      0.23964    -0.049467
2   9.0843e-09      0.23964      0.42981
3     0.046751      0.23503      0.42981
4     0.046751      0.23503    -0.049467
5     0.091705      0.22139      0.42981
6     0.091705      0.22139    -0.049467
7      0.13313      0.19925      0.42981
8      0.13313      0.19925    -0.049467
9      0.16945      0.16945      0.42981
10      0.16945      0.16945    -0.049467
11      0.19925      0.13313      0.42981
12      0.19925      0.13313    -0.049467
13      0.22139     0.091705      0.42981
14      0.22139     0.091705    -0.049467
15      0.23503     0.046751      0.42981
16      0.23503     0.046751    -0.049467
17      0.23964   1.3651e-09      0.42981
18      0.23964   1.3651e-09    -0.049467
19      0.23503    -0.046751      0.42981
20      0.23503    -0.046751    -0.049467
21      0.22139    -0.091705      0.42981
22      0.22139    -0.091705    -0.049467
23      0.19925     -0.13313      0.42981
24      0.19925     -0.13313    -0.049467
25      0.16945     -0.16945      0.42981
26      0.16945     -0.16945    -0.049467
27      0.13313     -0.19925      0.42981
28      0.13313     -0.19925    -0.049467
29     0.091705     -0.22139      0.42981
30     0.091705     -0.22139    -0.049467
31     0.046751     -0.23503      0.42981
32     0.046751     -0.23503    -0.049467
33   9.0843e-09     -0.23964      0.42981
34   9.0843e-09     -0.23964    -0.049467
35    -0.046751     -0.23503      0.42981
36    -0.046751     -0.23503    -0.049467
37    -0.091705     -0.22139      0.42981
38    -0.091705     -0.22139    -0.049467
39     -0.13313     -0.19925      0.42981
40     -0.13313     -0.19925    -0.049467
41     -0.16945     -0.16945      0.42981
42     -0.16945     -0.16945    -0.049467
43     -0.19925     -0.13313      0.42981
44     -0.19925     -0.13313    -0.049467
45     -0.22139    -0.091705      0.42981
46     -0.22139    -0.091705    -0.049467
47     -0.23503    -0.046751      0.42981
48     -0.23503    -0.046751    -0.049467
49     -0.23964   1.3651e-09      0.42981
50     -0.23964   1.3651e-09    -0.049467
51     -0.23503     0.046751      0.42981
52     -0.23503     0.046751    -0.049467
53     -0.22139     0.091705      0.42981
54     -0.22139     0.091705    -0.049467
55     -0.19925      0.13313      0.42981
56     -0.19925      0.13313    -0.049467
57     -0.16945      0.16945      0.42981
58     -0.16945      0.16945    -0.049467
59     -0.13313      0.19925      0.42981
60     -0.13313      0.19925    -0.049467
61    -0.091705      0.22139      0.42981
62    -0.091705      0.22139    -0.049467
63      0.16945      0.16945       4.9569
64      0.19925      0.13313       4.9569
65    -0.046751      0.23503      0.42981
66    -0.046751      0.23503    -0.049467
67     0.091705      0.22139       4.9569
68     0.046751      0.23503       4.9569
69   9.0843e-09      0.23964       4.9569
70    -0.046751      0.23503       4.9569
71    -0.091705      0.22139       4.9569
72     -0.13313      0.19925       4.9569
73     -0.16945      0.16945       4.9569
74     -0.19925      0.13313       4.9569
75     -0.22139     0.091705       4.9569
76     -0.23503     0.046751       4.9569
77     -0.23964   1.3651e-09       4.9569
78     -0.23503    -0.046751       4.9569
79     -0.22139    -0.091705       4.9569
80     -0.19925     -0.13313       4.9569
81     -0.16945     -0.16945       4.9569
82     -0.13313     -0.19925       4.9569
83    -0.091705     -0.22139       4.9569
84    -0.046751     -0.23503       4.9569
85   9.0843e-09     -0.23964       4.9569
86     0.046751     -0.23503       4.9569
87     0.091705     -0.22139       4.9569
88      0.13313     -0.19925       4.9569
89      0.16945     -0.16945       4.9569
90      0.19925     -0.13313       4.9569
91      0.22139    -0.091705       4.9569
92      0.23503    -0.046751       4.9569
93      0.23964   1.3651e-09       4.9569
94      0.23503     0.046751       4.9569
95      0.22139     0.091705       4.9569
96      0.13313      0.19925       4.9569
97     -0.88407      0.88407    -0.092809
98      0.88654      0.88654     -0.09466
99      0.88454     -0.88454    -0.096456
100     -0.88395     -0.88395    -0.091863
101      0.78398        0.784     0.094599
102      0.78582     -0.78593      0.09624
103     -0.78648     -0.78646     0.092043
104     -0.78637      0.78626     0.092907
105      -3.3769       1.5599       7.4521
106       3.4121       1.5621       7.4541
107       3.4166      -1.8943       4.4734
108      -3.3724      -1.8966       4.4715
109      -1.5996      0.67906       6.6926
110       -2.958      0.67861       6.6922
111      -2.9589       1.3702       7.2886
112      -1.6005       1.3707        7.289
113      -3.2566       1.2304       7.1681
114      -2.9587         1.37       7.2884
115      -2.9577      0.67866       6.6922
116      -3.2568       0.8163       6.8109
117      -1.3022       0.8075       6.8034
118         -1.6      0.67897       6.6925
119      -1.6011       1.3709       7.2892
120      -1.2997       1.2216       7.1605
121      -1.3022      0.81429         6.82
122      -1.2997       1.2284       7.1771
123      -1.6011       1.3777       7.3058
124         -1.6      0.68576       6.7091
125      -1.5996      0.68575        6.709
126      -1.6005       1.3773       7.3054
127      -2.9589       1.3769        7.305
128       -2.958       0.6853       6.7086
129      -3.2566       1.2371       7.1844
130      -3.2568      0.82296       6.8272
131      -2.9577      0.68531       6.7085
132      -2.9587       1.3767       7.3047
133      -1.5981     -0.50495       5.6716
134      -2.9565     -0.50541       5.6712
135      -2.9574      0.18619       6.2676
136       -1.599      0.18664        6.268
137       -3.255     0.046438       6.1471
138      -2.9572      0.18599       6.2674
139      -2.9562     -0.50535       5.6712
140      -3.2553     -0.36771       5.7899
141      -1.3006     -0.37651       5.7823
142      -1.5984     -0.50504       5.6715
143      -1.5996      0.18691       6.2682
144      -1.2981     0.037634       6.1395
145      -1.3006     -0.36972       5.7989
146      -1.2981     0.044423       6.1561
147      -1.5996       0.1937       6.2848
148      -1.5984     -0.49825       5.6881
149      -1.5981     -0.49826       5.6879
150       -1.599      0.19333       6.2843
151      -2.9574      0.19288       6.2839
152      -2.9565     -0.49872       5.6875
153       -3.255     0.053093       6.1633
154      -3.2553     -0.36105       5.8062
155      -2.9562      -0.4987       5.6875
156      -2.9572      0.19264       6.2837
157      -1.5433      -1.6564       4.6787
158      -2.9016      -1.6568       4.6783
159      -2.9025     -0.96522       5.2747
160      -1.5442     -0.96476       5.2751
161      -3.2002       -1.105       5.1541
162      -2.9023     -0.96542       5.2745
163      -2.9013      -1.6568       4.6783
164      -3.2005      -1.5191        4.797
165      -1.2458      -1.5279       4.7894
166      -1.5436      -1.6564       4.6786
167      -1.5447      -0.9645       5.2753
168      -1.2433      -1.1138       5.1466
169      -1.2458      -1.5211        4.806
170      -1.2433       -1.107       5.1632
171      -1.5447     -0.95771       5.2919
172      -1.5436      -1.6497       4.6952
173      -1.5433      -1.6497        4.695
174      -1.5442     -0.95807       5.2914
175      -2.9025     -0.95853        5.291
176      -2.9016      -1.6501       4.6946
177      -3.2002      -1.0983       5.1704
178      -3.2005      -1.5125       4.8133
179      -2.9013      -1.6501       4.6946
180      -2.9023     -0.95876       5.2908
181      0.68557       0.6795        6.693
182      -0.6728      0.67905       6.6926
183      -0.6737       1.3706        7.289
184      0.68467       1.3711       7.2894
185     -0.97136       1.2309       7.1685
186     -0.67351       1.3704       7.2888
187      -0.6725       0.6791       6.6926
188     -0.97165      0.81674       6.8113
189      0.98303      0.80794       6.8037
190      0.68523      0.67941       6.6929
191      0.68411       1.3714       7.2896
192      0.98553       1.2221       7.1609
193      0.98303      0.81473       6.8203
194      0.98553       1.2289       7.1775
195      0.68411       1.3781       7.3062
196      0.68523       0.6862       6.7095
197      0.68557      0.68619       6.7093
198      0.68467       1.3778       7.3057
199      -0.6737       1.3773       7.3053
200      -0.6728      0.68573        6.709
201     -0.97136       1.2375       7.1847
202     -0.97165       0.8234       6.8276
203      -0.6725      0.68575       6.7089
204     -0.67351       1.3771       7.3051
205       2.9451      0.66455       6.6801
206       1.5867      0.66409       6.6797
207       1.5858       1.3557       7.2761
208       2.9442       1.3561       7.2765
209       1.2881       1.2159       7.1556
210        1.586       1.3555       7.2759
211        1.587      0.66414       6.6797
212       1.2878      0.80179       6.7984
213       3.2425      0.79299       6.7908
214       2.9447      0.66446         6.68
215       2.9436       1.3564       7.2767
216        3.245       1.2071        7.148
217       3.2425      0.79977       6.8074
218        3.245       1.2139       7.1646
219       2.9436       1.3632       7.2933
220       2.9447      0.67124       6.6966
221       2.9451      0.67123       6.6964
222       2.9442       1.3628       7.2928
223       1.5858       1.3624       7.2924
224       1.5867      0.67078       6.6961
225       1.2881       1.2226       7.1718
226       1.2878      0.80844       6.8147
227        1.587       0.6708        6.696
228        1.586       1.3621       7.2922
229      0.67476     -0.50544       5.6711
230     -0.68361      -0.5059       5.6707
231     -0.68451      0.18569       6.2671
232      0.67386      0.18615       6.2675
233     -0.98217     0.045945       6.1466
234     -0.68433       0.1855        6.267
235     -0.68331     -0.50585       5.6708
236     -0.98246      -0.3682       5.7895
237      0.97222       -0.377       5.7819
238      0.67441     -0.50553       5.6711
239       0.6733      0.18641       6.2678
240      0.97472      0.03714        6.139
241      0.97222     -0.37022       5.7985
242      0.97472     0.043929       6.1556
243       0.6733       0.1932       6.2844
244      0.67441     -0.49874       5.6877
245      0.67476     -0.49875       5.6875
246      0.67386      0.19284       6.2839
247     -0.68451      0.19238       6.2835
248     -0.68361     -0.49921       5.6871
249     -0.98217     0.052599       6.1629
250     -0.98246     -0.36155       5.8058
251     -0.68331     -0.49919       5.6871
252     -0.68433      0.19215       6.2833
253      0.67561      -1.6556       4.6793
254     -0.68276      -1.6561       4.6789
255     -0.68366     -0.96447       5.2753
256      0.67471     -0.96402       5.2757
257     -0.98132      -1.1042       5.1548
258     -0.68348     -0.96467       5.2751
259     -0.68246       -1.656        4.679
260     -0.98161      -1.5184       4.7977
261      0.97306      -1.5272       4.7901
262      0.67526      -1.6557       4.6792
263      0.67415     -0.96375       5.2759
264      0.97557       -1.113       5.1472
265      0.97306      -1.5204       4.8067
266      0.97557      -1.1062       5.1638
267      0.67415     -0.95696       5.2925
268      0.67526      -1.6489       4.6958
269      0.67561      -1.6489       4.6957
270      0.67471     -0.95733       5.2921
271     -0.68366     -0.95778       5.2917
272     -0.68276      -1.6494       4.6953
273     -0.98132      -1.0976       5.1711
274     -0.98161      -1.5117       4.8139
275     -0.68246      -1.6494       4.6952
276     -0.68348     -0.95802       5.2914
277       2.9205     -0.49803       5.6775
278       1.5622     -0.49848       5.6771
279       1.5613      0.19311       6.2735
280       2.9196      0.19356       6.2739
281       1.2636     0.053361        6.153
282       1.5615      0.19291       6.2734
283       1.5625     -0.49843       5.6772
284       1.2633     -0.36079       5.7959
285        3.218     -0.36959       5.7883
286       2.9202     -0.49812       5.6775
287       2.9191      0.19383       6.2742
288       3.2205     0.044557       6.1454
289        3.218      -0.3628       5.8049
290       3.2205     0.051344        6.162
291       2.9191      0.20062       6.2908
292       2.9202     -0.49133       5.6941
293       2.9205     -0.49134       5.6939
294       2.9196      0.20025       6.2903
295       1.5613       0.1998       6.2899
296       1.5622     -0.49179       5.6935
297       1.2636     0.060016       6.1693
298       1.2633     -0.35413       5.8122
299       1.5625     -0.49178       5.6935
300       1.5615      0.19957       6.2896
301       2.9135      -1.6549         4.68
302       1.5551      -1.6553       4.6796
303       1.5542     -0.96372       5.2759
304       2.9126     -0.96327       5.2763
305       1.2565      -1.1035       5.1554
306       1.5544     -0.96392       5.2758
307       1.5554      -1.6553       4.6796
308       1.2562      -1.5176       4.7983
309       3.2109      -1.5264       4.7907
310       2.9131      -1.6549       4.6799
311        2.912       -0.963       5.2766
312       3.2134      -1.1123       5.1478
313       3.2109      -1.5196       4.8073
314       3.2134      -1.1055       5.1645
315        2.912     -0.95621       5.2932
316       2.9131      -1.6482       4.6965
317       2.9135      -1.6482       4.6963
318       2.9126     -0.95658       5.2927
319       1.5542     -0.95703       5.2923
320       1.5551      -1.6486       4.6959
321       1.2565      -1.0968       5.1717
322       1.2562       -1.511       4.8146
323       1.5554      -1.6486       4.6959
324       1.5544     -0.95726       5.2921
325     -0.33753     -0.35209       4.9254
326     -0.17861     -0.18631       5.5105
327     -0.17861      0.18631       5.5105
328     -0.33753      0.35209       4.9254
329      0.17861      0.18631       5.5105
330      0.33753      0.35209       4.9254
331      0.17861     -0.18631       5.5105
332      0.33753     -0.35209       4.9254
333      -2.3069      0.19404       5.5027
334        2.306      0.19404       5.5027
335        2.306     -0.18874       5.5027
336      -2.3069     -0.18874       5.5027
337      -2.3069      0.19404       5.7792
338        2.306      0.19404       5.7792
339      -2.3069     -0.18874       5.7792
340        2.306     -0.18874       5.7792
341      -1.4667      -1.4061       4.6103
342      -1.0217      -1.4061       4.6103
343      -1.0217      -1.5284       4.7513
344      -1.4667      -1.5284       4.7513
345      -1.4667       1.6026       7.2179
346      -1.0217       1.6026       7.2179
347      -1.4667       1.4803       7.3589
348      -1.0217       1.4803       7.3589
349         1.02       -1.433       4.6221
350        1.465       -1.433       4.6221
351        1.465      -1.5541       4.7642
352         1.02      -1.5541       4.7642
353         1.02        1.597        7.205
354        1.465        1.597        7.205
355         1.02       1.4758       7.3471
356        1.465       1.4758       7.3471
357      -3.3769       1.6112       7.3926
358      -3.3724      -1.8453       4.4119
359       3.4166       -1.843       4.4139
360       3.4121       1.6135       7.3946
EndCoordinates

Elements
1 1 2 3
2 1 3 4
3 4 3 5
4 4 5 6
5 6 5 7
6 6 7 8
7 8 7 9
8 8 9 10
9 10 9 11
10 10 11 12
11 12 11 13
12 12 13 14
13 14 13 15
14 14 15 16
15 16 15 17
16 16 17 18
17 18 17 19
18 18 19 20
19 20 19 21
20 20 21 22
21 22 21 23
22 22 23 24
23 24 23 25
24 24 25 26
25 26 25 27
26 26 27 28
27 28 27 29
28 28 29 30
29 30 29 31
30 30 31 32
31 32 31 33
32 32 33 34
33 34 33 35
34 34 35 36
35 36 35 37
36 36 37 38
37 38 37 39
38 38 39 40
39 40 39 41
40 40 41 42
41 42 41 43
42 42 43 44
43 44 43 45
44 44 45 46
45 46 45 47
46 46 47 48
47 48 47 49
48 48 49 50
49 50 49 51
50 50 51 52
51 52 51 53
52 52 53 54
53 54 53 55
54 54 55 56
55 56 55 57
56 56 57 58
57 58 57 59
58 58 59 60
59 60 59 61
60 60 61 62
61 11 9 63
62 11 63 64
63 62 61 65
64 62 65 66
65 66 65 2
66 66 2 1
67 66 1 4
68 4 6 8
69 8 10 12
70 12 14 16
71 16 18 20
72 20 22 24
73 24 26 28
74 28 30 32
75 32 34 36
76 36 38 40
77 40 42 44
78 44 46 48
79 48 50 52
80 52 54 56
81 56 58 60
82 60 62 66
83 66 4 8
84 8 12 16
85 16 20 24
86 24 28 32
87 32 36 40
88 40 44 48
89 48 52 56
90 56 60 66
91 66 8 16
92 16 24 32
93 32 40 48
94 48 56 66
95 66 16 32
96 32 48 66
97 67 68 69
98 69 70 71
99 71 72 73
100 73 74 75
101 75 76 77
102 77 78 79
103 79 80 81
104 81 82 83
105 83 84 85
106 85 86 87
107 87 88 89
108 89 90 91
109 91 92 93
110 93 94 95
111 95 64 63
112 63 96 67
113 67 69 71
114 71 73 75
115 75 77 79
116 79 81 83
117 83 85 87
118 87 89 91
119 91 93 95
120 95 63 67
121 67 71 75
122 75 79 83
123 83 87 91
124 91 95 67
125 67 75 83
126 83 91 67
127 29 27 88
128 29 88 87
129 3 2 69
130 3 69 68
131 47 45 79
132 47 79 78
133 2 65 70
134 2 70 69
135 21 19 92
136 21 92 91
137 39 37 83
138 39 83 82
139 57 55 74
140 57 74 73
141 13 11 64
142 13 64 95
143 31 29 87
144 31 87 86
145 49 47 78
146 49 78 77
147 5 3 68
148 5 68 67
149 23 21 91
150 23 91 90
151 41 39 82
152 41 82 81
153 59 57 73
154 59 73 72
155 15 13 95
156 15 95 94
157 33 31 86
158 33 86 85
159 51 49 77
160 51 77 76
161 7 5 67
162 7 67 96
163 25 23 90
164 25 90 89
165 43 41 81
166 43 81 80
167 61 59 72
168 61 72 71
169 17 15 94
170 17 94 93
171 35 33 85
172 35 85 84
173 53 51 76
174 53 76 75
175 9 7 96
176 9 96 63
177 27 25 89
178 27 89 88
179 45 43 80
180 45 80 79
181 65 61 71
182 65 71 70
183 19 17 93
184 19 93 92
185 37 35 84
186 37 84 83
187 55 53 75
188 55 75 74
189 97 98 99
190 97 99 100
191 98 101 102
192 98 102 99
193 100 103 104
194 100 104 97
195 99 102 103
196 99 103 100
197 97 104 101
198 97 101 98
199 101 104 103
200 101 103 102
201 105 106 107
202 105 107 108
203 109 110 111
204 109 111 112
205 113 114 115
206 113 115 116
207 117 118 119
208 117 119 120
209 121 122 123
210 121 123 124
211 117 120 122
212 117 122 121
213 120 119 123
214 120 123 122
215 118 117 121
216 118 121 124
217 119 118 124
218 119 124 123
219 125 126 127
220 125 127 128
221 111 110 128
222 111 128 127
223 112 111 127
224 112 127 126
225 110 109 125
226 110 125 128
227 129 130 131
228 129 131 132
229 115 114 132
230 115 132 131
231 113 116 130
232 113 130 129
233 116 115 131
234 116 131 130
235 114 113 129
236 114 129 132
237 133 134 135
238 133 135 136
239 137 138 139
240 137 139 140
241 141 142 143
242 141 143 144
243 145 146 147
244 145 147 148
245 141 144 146
246 141 146 145
247 144 143 147
248 144 147 146
249 142 141 145
250 142 145 148
251 143 142 148
252 143 148 147
253 149 150 151
254 149 151 152
255 135 134 152
256 135 152 151
257 136 135 151
258 136 151 150
259 134 133 149
260 134 149 152
261 153 154 155
262 153 155 156
263 139 138 156
264 139 156 155
265 137 140 154
266 137 154 153
267 140 139 155
268 140 155 154
269 138 137 153
270 138 153 156
271 157 158 159
272 157 159 160
273 161 162 163
274 161 163 164
275 165 166 167
276 165 167 168
277 169 170 171
278 169 171 172
279 165 168 170
280 165 170 169
281 168 167 171
282 168 171 170
283 166 165 169
284 166 169 172
285 167 166 172
286 167 172 171
287 173 174 175
288 173 175 176
289 159 158 176
290 159 176 175
291 160 159 175
292 160 175 174
293 158 157 173
294 158 173 176
295 177 178 179
296 177 179 180
297 163 162 180
298 163 180 179
299 161 164 178
300 161 178 177
301 164 163 179
302 164 179 178
303 162 161 177
304 162 177 180
305 181 182 183
306 181 183 184
307 185 186 187
308 185 187 188
309 189 190 191
310 189 191 192
311 193 194 195
312 193 195 196
313 189 192 194
314 189 194 193
315 192 191 195
316 192 195 194
317 190 189 193
318 190 193 196
319 191 190 196
320 191 196 195
321 197 198 199
322 197 199 200
323 181 184 198
324 181 198 197
325 184 183 199
326 184 199 198
327 182 181 197
328 182 197 200
329 201 202 203
330 201 203 204
331 185 188 202
332 185 202 201
333 188 187 203
334 188 203 202
335 186 185 201
336 186 201 204
337 205 206 207
338 205 207 208
339 209 210 211
340 209 211 212
341 213 214 215
342 213 215 216
343 217 218 219
344 217 219 220
345 213 216 218
346 213 218 217
347 216 215 219
348 216 219 218
349 214 213 217
350 214 217 220
351 215 214 220
352 215 220 219
353 221 222 223
354 221 223 224
355 205 208 222
356 205 222 221
357 208 207 223
358 208 223 222
359 206 205 221
360 206 221 224
361 225 226 227
362 225 227 228
363 209 212 226
364 209 226 225
365 212 211 227
366 212 227 226
367 210 209 225
368 210 225 228
369 229 230 231
370 229 231 232
371 233 234 235
372 233 235 236
373 237 238 239
374 237 239 240
375 241 242 243
376 241 243 244
377 237 240 242
378 237 242 241
379 240 239 243
380 240 243 242
381 238 237 241
382 238 241 244
383 239 238 244
384 239 244 243
385 245 246 247
386 245 247 248
387 229 232 246
388 229 246 245
389 232 231 247
390 232 247 246
391 230 229 245
392 230 245 248
393 249 250 251
394 249 251 252
395 233 236 250
396 233 250 249
397 236 235 251
398 236 251 250
399 234 233 249
400 234 249 252
401 253 254 255
402 253 255 256
403 257 258 259
404 257 259 260
405 261 262 263
406 261 263 264
407 265 266 267
408 265 267 268
409 261 264 266
410 261 266 265
411 262 261 265
412 262 265 268
413 263 262 268
414 263 268 267
415 269 270 271
416 269 271 272
417 255 254 272
418 255 272 271
419 253 256 270
420 253 270 269
421 256 255 271
422 256 271 270
423 254 253 269
424 254 269 272
425 273 274 275
426 273 275 276
427 257 260 274
428 257 274 273
429 260 259 275
430 260 275 274
431 258 257 273
432 258 273 276
433 277 278 279
434 277 279 280
435 281 282 283
436 281 283 284
437 285 286 287
438 285 287 288
439 289 290 291
440 289 291 292
441 285 288 290
442 285 290 289
443 286 285 289
444 286 289 292
445 287 286 292
446 287 292 291
447 293 294 295
448 293 295 296
449 279 278 296
450 279 296 295
451 277 280 294
452 277 294 293
453 280 279 295
454 280 295 294
455 278 277 293
456 278 293 296
457 297 298 299
458 297 299 300
459 281 284 298
460 281 298 297
461 284 283 299
462 284 299 298
463 282 281 297
464 282 297 300
465 301 302 303
466 301 303 304
467 305 306 307
468 305 307 308
469 309 310 311
470 309 311 312
471 313 314 315
472 313 315 316
473 309 312 314
474 309 314 313
475 310 309 313
476 310 313 316
477 311 310 316
478 311 316 315
479 317 318 319
480 317 319 320
481 303 302 320
482 303 320 319
483 301 304 318
484 301 318 317
485 304 303 319
486 304 319 318
487 302 301 317
488 302 317 320
489 321 322 323
490 321 323 324
491 305 308 322
492 305 322 321
493 308 307 323
494 308 323 322
495 306 305 321
496 306 321 324
497 325 326 327
498 325 327 328
499 328 327 329
500 328 329 330
501 330 329 331
502 330 331 332
503 332 331 326
504 332 326 325
505 328 330 332
506 328 332 325
507 329 327 326
508 329 326 331
509 333 334 335
510 333 335 336
511 333 337 338
512 333 338 334
513 336 339 337
514 336 337 333
515 335 340 339
516 335 339 336
517 334 338 340
518 334 340 335
519 338 337 339
520 338 339 340
521 341 342 343
522 341 343 344
523 341 345 346
524 341 346 342
525 344 347 345
526 344 345 341
527 343 348 347
528 343 347 344
529 342 346 348
530 342 348 343
531 346 345 347
532 346 347 348
533 349 350 351
534 349 351 352
535 349 353 354
536 349 354 350
537 352 355 353
538 352 353 349
539 351 356 355
540 351 355 352
541 350 354 356
542 350 356 351
543 354 353 355
544 354 355 356
545 357 358 359
546 357 359 360
547 107 106 360
548 107 360 359
549 105 108 358
550 105 358 357
551 108 107 359
552 108 359 358
553 106 105 357
554 106 357 360
EndElements

Dirichlet
105
106
107
108
EndDirichlet

Neumann
357
358
359
360
EndNeumann
